50
50
00011100000001110000000111000000011100000001110000
00000100000000010000000001000000000100000000010000
00001000000000100000000010000000001000000000100000
00000000000000000000000000000000000000000000000000
00000000000000000000000000000000000000000000000000
00011100000001110000000111000000011100000001110000
00000100000000010000000001000000000100000000010000
00001000000000100000000010000000001000000000100000
00000000000000000000000000000000000000000000000000
00000000000000000000000000000000000000000000000000
00011100000001110000000111000000011100000001110000
00000100000000010000000001000000000100000000010000
00001000000000100000000010000000001000000000100000
00000000000000000000000000000000000000000000000000
00000000000000000000000000000000000000000000000000
00011100000001110000000111000000011100000001110000
00000100000000010000000001000000000100000000010000
00001000000000100000000010000000001000000000100000
00000000000000000000000000000000000000000000000000
00000000000000000000000000000000000000000000000000
00011100000001110000000111000000011100000001110000
00000100000000010000000001000000000100000000010000
00001000000000100000000010000000001000000000100000
00000000000000000000000000000000000000000000000000
00000000000000000000000000000000000000000000000000
00011100000001110000000111000000011100000001110000
00000100000000010000000001000000000100000000010000
00001000000000100000000010000000001000000000100000
00000000000000000000000000000000000000000000000000
00000000000000000000000000000000000000000000000000
00011100000001110000000111000000011100000001110000
00000100000000010000000001000000000100000000010000
00001000000000100000000010000000001000000000100000
00000000000000000000000000000000000000000000000000
00000000000000000000000000000000000000000000000000
00011100000001110000000111000000011100000001110000
00000100000000010000000001000000000100000000010000
00001000000000100000000010000000001000000000100000
00000000000000000000000000000000000000000000000000
00000000000000000000000000000000000000000000000000
00011100000001110000000111000000011100000001110000
00000100000000010000000001000000000100000000010000
00001000000000100000000010000000001000000000100000
00000000000000000000000000000000000000000000000000
00000000000000000000000000000000000000000000000000
00011100000001110000000111000000011100000001110000
00000100000000010000000001000000000100000000010000
00001000000000100000000010000000001000000000100000
00000000000000000000000000000000000000000000000000
00000000000000000000000000000000000000000000000000